%A = [.45 .1 .15 .5;.15 .25 .15 .15;.1 .2 .35 .1;.3 .45 .35 .25];
A =[9 18 11 51; -7 -14 -7 -35;3 6 3 15;3 6 2 12];